1000 1
184 -754 357
-450 527 -530
-753 108 52
-680 -327 -983
-58 -426 711
-438 918 -696
-691 516 -158
345 976 758
97 -669 76
890 -154 763
-68 -868 -395
-123 -316 -146
-156 -881 332
668 -445 -594
549 756 197
-885 -28 756
-749 452 -973
-551 404 751
-338 197 -800
-626 888 -414
591 -165 315
810 813 985
-695 -167 -242
574 -427 518
-432 -871 -903
634 216 181
714 -78 -95
118 -785 386
-279 -501 -425
855 -365 829
-858 -159 -639
-390 266 882
-995 423 795
352 -20 291
630 982 241
-314 577 361
-802 -299 851
675 669 -106
953 967 704
-28 619 -921
-283 667 787
450 952 328
-798 -507 425
-925 -138 -755
738 -517 364
961 -170 -810
-251 517 -454
12 695 474
-704 830 598
627 426 -117
-639 -523 -850
894 -526 -657
361 -282 137
785 -25 -649
535 -390 -175
-753 -884 -128
-526 -664 773
-443 728 177
469 440 236
140 292 -139
405 173 -91
-252 775 252
-937 -407 418
982 -251 -612
337 -84 -662
111 -679 736
-214 174 765
-705 638 883
232 -85 -848
-90 -719 -434
-662 -507 -319
628 -645 -863
-260 546 -543
171 187 219
799 -748 -250
-84 -666 587
-827 -865 -409
-588 -437 98
-418 848 -918
804 440 818
-91 564 56
881 -461 -295
-49 306 1
-634 613 -163
465 944 -724
175 -289 574
-547 -497 985
455 675 -838
-622 509 506
-570 -670 169
-480 182 -577
252 912 67
70 946 742
-736 -698 -588
-536 -136 -725
-408 -616 -571
-13 47 -974
-72 -171 -220
-40 -191 -329
-610 -209 136
661 -839 498
124 111 -156
-68 756 274
-872 -391 399
620 89 -720
-855 -547 -475
-937 -232 -665
-524 -448 266
88 261 185
-12 533 983
-280 -247 21
967 -25 979
450 98 -638
17 935 -54
-404 767 -951
354 101 -312
-736 339 -166
-354 348 828
-864 -592 -391
-502 -464 335
-722 244 -758
-878 166 -421
887 869 -154
682 -351 -618
-123 627 865
-393 446 -474
-151 -882 -652
364 484 199
247 80 950
-667 438 574
-739 -230 1000
-626 113 -38
501 -336 194
301 973 45
-222 112 -280
-241 168 -122
731 294 304
-745 -205 -733
-704 -924 -508
-160 863 913
457 -647 -521
680 627 747
-837 300 24
-384 -865 183
-196 441 -321
-69 197 343
-287 174 742
-381 -940 -132
-187 246 970
-921 62 -741
-967 575 -707
381 -225 139
131 528 241
-181 5 -618
-36 877 766
-111 440 695
-252 273 992
629 -673 -930
-935 194 993
-285 510 215
47 -857 797
676 -136 -357
878 474 527
-472 -644 -386
69 549 -331
-26 -950 -393
379 -412 149
811 -32 -772
-440 751 0
600 997 -639
-725 -817 139
-674 -30 -968
332 59 841
-68 435 372
-258 389 -150
305 -897 -534
-273 669 70
544 149 898
-788 738 -369
320 -395 586
-59 213 -722
-246 -568 -608
-370 799 43
959 760 -526
695 86 -404
492 -541 614
-117 -831 409
346 568 152
-890 -292 231
-93 -556 926
710 -278 553
725 788 -606
234 -746 -451
466 -299 -95
-998 -220 612
578 -739 -31
-511 165 956
-499 -145 -234
-46 -178 -948
-102 -500 931
852 491 -83
409 -562 -791
-791 213 -975
-46 925 131
322 714 978
99 -362 566
548 251 -300
-65 -491 845
-890 -288 352
401 -192 47
31 -55 -897
507 -517 -410
-363 -629 586
935 879 -419
415 537 -978
-408 687 -967
169 462 -620
324 -333 -233
132 -449 -152
-866 -401 -343
-40 -305 -612
388 92 452
-738 -558 15
751 836 657
-965 -796 116
315 698 -1
-960 -635 976
-668 -827 -369
-119 135 352
530 -386 606
854 -895 545
-419 939 618
369 541 -559
560 361 418
-50 458 -12
61 -590 469
-545 -112 -311
-520 461 -19
-217 229 -226
818 577 -558
463 657 219
178 969 420
54 -883 136
-543 507 -783
-372 499 383
10 874 -870
282 -880 -698
-739 235 -417
-381 842 743
-81 -545 320
-676 -994 219
476 -848 254
-481 586 -855
-245 -738 803
277 -774 -468
430 69 -327
527 -744 395
290 353 -251
-67 831 -575
-452 418 -173
-170 -107 517
426 -468 832
-948 -463 -293
316 -726 -549
-543 668 -669
158 -76 -451
-804 580 929
-185 -43 973
26 984 948
-670 401 -309
195 253 651
870 398 632
298 882 497
-518 -483 -754
879 -794 31
61 726 -381
-659 553 89
-241 -828 612
600 -633 104
226 -887 620
898 -435 -537
962 -546 -317
450 986 -724
534 287 -628
666 -44 -67
-25 -625 767
514 -448 -28
-792 58 131
8 834 -92
-3 118 -658
653 459 805
470 -482 -220
-392 -550 236
954 -329 -513
559 -380 593
-298 545 -377
789 23 -9
393 -865 184
-801 97 -353
-498 454 -829
-509 907 279
564 -820 -944
903 -333 280
-329 137 986
427 -530 88
-992 -417 659
-590 811 -235
-841 -329 561
-260 -709 735
-209 286 52
309 -346 609
904 959 740
-835 -930 -44
-595 113 -188
424 292 -871
825 976 599
399 388 -143
532 547 -259
837 -999 896
864 -182 977
16 850 -220
273 -545 752
93 -755 -704
614 -778 -752
557 -978 -659
-839 900 595
46 -70 852
-202 -281 387
-232 -4 -484
377 10 121
932 -625 -789
510 -436 -146
-519 -228 -618
-461 419 572
372 -670 224
886 -343 134
621 -729 -514
-941 -861 433
253 -532 -782
-652 178 -819
-550 175 -430
-388 845 222
197 737 728
164 214 -566
-793 537 -141
529 -734 -341
212 -148 -962
483 -797 132
816 -673 457
-855 904 -467
953 -398 -253
-205 -429 227
873 866 23
327 -35 -351
611 -360 91
524 849 306
-459 272 354
318 304 173
540 837 -231
67 826 -328
175 -202 -465
-931 485 293
-587 -168 -909
516 -156 525
-130 -407 981
975 -840 574
-382 -71 -984
317 676 79
297 -684 949
337 764 -210
509 -700 -292
366 -480 -6
-426 -879 -449
-546 786 -520
-232 541 -329
-605 -446 63
557 994 -280
-338 52 362
7 -350 226
-404 912 -122
-756 -995 -587
529 -433 -731
250 -82 583
697 -503 -430
-732 -328 -715
521 776 191
896 -996 810
-158 -801 -845
731 273 861
124 -75 -323
590 -959 -196
284 558 718
736 -991 -845
-609 787 392
367 -689 280
-854 -275 -176
681 421 -547
422 -469 451
-127 -540 -394
231 -687 986
-616 -216 -767
-806 -288 976
-489 753 -375
449 93 -259
-99 114 -413
367 885 825
-390 -92 -311
-910 -78 897
-932 -502 47
566 7 -770
764 -406 -955
640 -199 743
641 -638 -157
565 659 -669
897 148 -752
42 -968 656
296 236 -568
-516 853 140
-121 -461 700
-439 -57 -94
802 -439 -724
673 611 519
267 73 355
155 -490 -435
-124 -431 886
930 -467 923
-469 -772 863
-804 -476 608
268 -276 -454
-82 397 718
566 -777 -398
-425 119 100
763 975 951
695 -429 -826
82 804 -17
552 979 187
264 -541 230
-915 374 -808
263 -252 221
954 -727 218
29 -49 -444
-693 68 -641
770 -223 651
759 -825 237
-801 867 -918
570 -878 -605
899 -458 -439
-427 -494 637
989 571 343
-499 636 -54
60 213 785
248 -151 550
344 -390 357
-873 -46 -375
-875 116 399
274 -120 -125
-792 599 762
739 -407 -545
442 9 -351
-234 901 148
-458 -399 -844
-285 -290 -659
905 521 -972
-684 -908 -542
519 856 -46
342 -345 43
-988 472 71
-159 -682 970
-954 8 697
762 833 -418
898 143 -937
316 693 -363
562 272 -929
411 54 80
-905 -438 -509
537 -549 -471
872 229 101
-954 411 -661
787 37 -611
-861 -426 326
-88 -970 -62
401 162 -26
1 -231 -208
-769 582 137
-398 939 -170
-834 41 502
18 -969 -16
388 -525 -429
-742 -666 690
314 22 662
-449 -10 -922
-510 475 572
352 -930 463
-362 -102 553
-974 -289 -304
249 -14 -746
204 -838 408
-72 -729 594
106 -133 -29
560 230 354
959 533 -968
793 160 -206
390 -746 253
596 -118 993
-490 -265 222
16 -822 151
-558 -296 419
-754 -607 -431
-3 409 137
570 -677 401
-633 257 893
-60 -256 430
-305 710 520
322 -160 -624
-499 939 -545
-705 971 554
-300 888 -366
-846 160 611
-439 -922 572
-263 -957 837
722 -811 249
158 201 -101
-424 -165 -716
-773 -274 454
-375 -390 143
-749 -751 -400
-208 195 749
1000 -28 766
159 906 966
416 -19 863
-155 -972 832
887 440 -477
580 -704 876
-261 -576 -753
369 4 41
-733 276 484
-219 -633 -579
-779 667 -912
784 947 -166
408 -515 -86
1 -266 388
-639 483 409
-341 -443 8
-63 -904 53
-166 -269 319
-108 -979 -901
-679 -289 73
551 153 -713
-216 890 692
669 -964 -200
760 -969 14
-89 99 -820
609 -564 -741
-403 846 312
-42 198 354
980 -902 -683
609 -602 812
96 45 121
-691 -808 -648
-138 -91 925
73 -355 117
-872 706 481
516 -286 248
-947 -264 -338
745 735 -300
250 568 -65
266 946 132
-168 757 -611
375 -156 820
875 -746 367
633 580 -173
854 -731 -425
935 955 -302
86 215 -873
271 186 -385
861 -485 -309
-835 -813 566
-375 -510 -434
-715 761 766
-132 34 263
542 412 -959
694 625 -41
359 -163 467
816 927 665
-596 592 714
471 -410 954
58 -121 -241
-271 -291 -255
-734 316 209
-434 254 -616
-507 -960 -166
683 -460 -231
346 414 -934
-868 -675 187
-361 -139 262
-916 -990 -100
-162 830 -308
986 -114 49
-655 245 -982
-826 215 958
-924 529 303
-912 301 -758
-489 517 773
-291 526 -144
892 -366 -798
325 -125 -112
-826 -341 -825
-194 547 330
-738 -730 297
927 356 -934
538 -555 48
293 795 135
-610 927 -626
-994 -757 446
931 -96 375
-958 888 -494
-44 961 -710
-235 -738 496
-363 911 -946
-183 -210 -396
321 -409 438
-909 -811 99
203 876 -541
-399 54 541
-879 470 -894
-798 -661 -679
911 -550 459
621 493 465
-69 -289 -267
-68 -512 440
-766 237 -356
155 444 548
20 -820 -151
594 -710 -828
-274 771 156
-600 -961 -370
-30 -103 807
-73 -452 570
18 110 -592
495 111 -148
357 -879 -265
-2 137 766
-103 313 816
-498 869 139
-408 118 -303
-491 488 -58
809 102 -341
225 363 59
641 -746 742
-174 -193 -247
815 384 289
199 560 -749
332 -983 996
797 -324 -219
483 631 -360
882 -901 557
584 -15 -854
-950 833 426
762 966 450
153 683 803
-527 -858 676
-922 -657 669
-571 726 429
127 694 270
921 539 521
-575 61 -421
481 -505 664
-422 184 -924
909 369 168
129 -573 595
-15 400 841
-804 -911 947
92 89 548
-108 67 -772
-703 -220 -914
694 966 -759
752 352 -479
807 126 -813
-235 -772 -227
675 486 577
-759 -938 857
326 133 880
551 827 29
-144 -413 -817
-646 255 -361
477 36 -810
-760 903 45
270 963 671
-900 -748 -471
784 658 664
-146 490 -98
577 434 -420
-901 408 465
457 -143 -598
466 207 615
-48 -369 299
-973 269 635
186 777 627
612 -997 265
-295 -118 551
-555 -138 616
-621 526 692
92 69 -790
29 -167 -426
439 541 895
584 896 -778
-639 -264 390
-881 -165 211
975 851 422
-209 -504 317
-985 -851 -141
335 -578 392
348 -150 887
531 -266 339
772 348 592
-128 -328 -568
-430 -743 491
562 -962 -326
13 -758 -295
-383 543 -810
471 -135 808
89 264 -357
541 312 350
894 -739 -954
-163 620 -305
-794 882 -162
-214 318 -952
-771 754 447
-881 -287 215
-142 996 722
269 652 -806
143 -458 -870
897 688 366
-632 944 -901
632 38 853
-487 286 -641
197 -40 -624
-732 -106 96
-9 -771 9
409 -683 819
-265 13 -897
-580 359 -101
-806 450 -715
977 -415 400
-332 206 41
889 -540 691
480 717 827
-611 -197 -204
-833 -9 121
407 -993 -143
23 -795 595
-247 354 -6
337 -30 -807
-338 -862 -566
-101 -286 869
803 251 -619
-441 400 766
641 -900 -973
807 -272 -142
896 -963 -556
638 -886 944
-663 -426 -731
-870 -398 552
113 -828 -414
-27 202 -321
440 -906 898
27 204 497
-872 814 97
87 825 544
169 -344 -32
-935 402 718
868 89 -36
699 361 878
84 -214 235
-179 413 -118
-677 -660 777
692 565 571
931 -779 690
-588 819 186
-850 66 -62
69 77 406
-94 778 -164
-142 561 105
789 -956 723
583 107 73
1000 674 339
258 -889 -793
-300 264 588
-844 232 -26
14 -229 148
501 -31 424
355 370 336
761 138 -740
270 373 484
-971 -913 -864
749 -220 -540
828 -403 -295
132 -80 -458
698 994 880
-921 265 -736
-378 35 -953
-614 984 -282
-203 -27 -985
-616 41 -641
-568 203 529
816 -763 704
-538 23 -192
-139 92 709
-895 -503 535
-547 923 894
531 -874 -666
-435 -746 863
-390 765 77
-235 -362 -75
-8 846 924
-369 -591 481
252 558 -986
-810 -726 -955
-335 -577 -562
-568 -292 -899
605 970 773
-147 619 -686
880 954 -241
640 886 -462
-533 -190 -409
-424 -781 -964
581 36 61
713 793 834
92 951 0
901 25 -378
-79 -569 -499
-416 245 -273
-757 -286 -962
482 146 -993
-403 357 445
269 -555 -355
888 111 -488
582 -949 691
-759 -48 -965
-372 -804 -896
567 518 47
704 131 740
-211 164 -620
265 -428 -646
-351 -896 945
670 990 755
676 -687 -905
815 465 163
572 790 405
-268 -796 512
-605 -28 654
497 -12 434
334 -379 -388
-400 353 145
935 53 -717
-906 -408 251
-9 837 925
750 -647 441
503 -493 103
299 394 845
916 437 -411
425 97 -958
-1000 771 -197
232 724 -532
565 -222 -966
-534 -148 105
-635 -283 137
974 950 36
-762 -354 -672
-632 -159 -824
979 -507 942
-795 -132 678
-998 -735 532
550 492 -385
5 978 -701
-228 437 669
-225 367 -572
263 833 457
-413 838 -621
263 768 -717
584 -42 -769
-475 -798 -711
-352 611 -189
695 892 958
-163 10 -561
349 -527 -273
-95 920 980
-198 530 655
-478 -83 238
384 61 825
544 982 -455
375 -271 -950
25 291 97
-76 198 575
-432 370 638
906 -239 806
864 -629 310
-875 -8 420
160 -363 -144
-348 205 480
-420 340 991
-803 -492 -937
988 140 532
-556 869 -291
-529 819 303
711 540 545
361 -499 -434
165 -823 179
481 -48 819
-946 -635 720
193 825 964
824 -164 -765
-468 384 785
357 195 -726
435 393 -869
597 -218 820
-333 335 -971
715 35 99
533 371 69
317 -515 -544
388 935 -600
-602 475 -328
-88 -66 -49
182 -677 35
213 -551 -518
-349 -951 854
-585 361 235
158 -112 -803
-661 -128 476
864 873 686
557 -275 -95
609 -182 24
378 591 383
-978 -547 -477
414 844 509
978 850 476
502 -263 201
48 231 -678
-839 52 -142
-426 -501 840
571 83 -268
-788 299 457
924 -166 -588
-482 -99 517
-170 250 -701
-334 -988 301
413 411 -918
-469 923 -811
-62 661 36
-315 531 -275
446 680 3
646 -514 255
-14 174 -665
-958 -692 -153
729 312 -97
186 -571 477
676 -932 -643
-942 -820 -1000
-531 62 -773
529 -620 -691
-512 606 152
584 556 280
837 939 952
-181 287 835
-542 -193 -61
510 -601 423
-538 836 -801
599 409 490
965 -122 -666
744 618 -45
-134 -536 267
56 -851 -447
-825 -244 990
82 -780 563
-801 -727 621
45 30 445
232 264 -612
-321 988 -948
613 246 932
457 -171 -504
-776 940 -695
-677 349 -993
787 949 213
162 21 777
900 -718 914
-628 520 298
-107 -373 260
-220 -998 340
-450 751 -627
915 567 -624
-875 240 -27
803 -529 550
-415 -348 862
242 188 550
-584 20 293
268 960 -633
-977 812 936
-660 -638 -764
-257 -492 -60
450 -576 -530
0 0 1 0